BFS 100 100 1 1 1 1 1 1 1 1 1 1
BFS 10 10 2 2 2 2 2 2 2 2 2 2
IDS 100 100 1 1 1 1 1 1 1 1 1 1
IDS 10 10 2 2 2 2 2 2 2 2 2 2
A* 100 100 1 1 1 1 1 1 1 1 1
A* 10 10 2 2 2 2 2 2 2 2 2 2
A*2 100 100 1 1 1 1 1 1 1 1 1
A*2 10 10 2 2 2 2 2 2 2 2 2 2
BFS 99 99 1 2 3 4 5 6 7 8 9
BFSD 99 99 1 2 3 4 5 6 7 8 9
IDS 99 99 1 2 3 4 5 6 7 8 9
A* 99 99 1 2 3 4 5 6 7 8 9
A*BAD 99 99 1 2 3 4 5 6 7 8 9
A*2 99 99 1 2 3 4 5 6 7 8 9
BFS 23 12 1 2 3 4 5 6 7 8 9
BFSD 23 12 1 2 3 4 5 6 7 8 9
IDS 23 12 1 2 3 4 5 6 7 8 9
A* 23 12 1 2 3 4 5 6 7 8 9
A*BAD 23 12 1 2 3 4 5 6 7 8 9
A*2 23 12 1 2 3 4 5 6 7 8 9
